50,13.801160327109281
68,37.8001116694584
126,26.13050190142701
145,33.91422310341229
243,22.52920452438346
262,32.06455380368424
343,22.09353705900137
358,33.90371600051079
429,20.46070925881424
469,27.403470770470744
566,24.01525354478459
627,40.54897067997505
644,38.98141443398504
662,39.7044226315209
673,53.24517139377066
720,32.55188890548006
740,26.662716634572657
761,31.795812023545306
838,24.88753255636526
872,31.956560441516825
913,43.867924528301884
931,29.553974031618406
958,33.563201525933536
1029,20.225429263667966
1055,22.25975975975976
1116,33.1304069208587
1134,34.796185802710085
1155,29.63339651426194
1168,41.44518912256375
1224,25.686031080097607
1247,22.178789938817133
1334,15.548184564354676
1356,24.17367858305053
1417,31.68292228365534
1429,39.69370214095952
1442,38.649184326879094
1458,38.88570153630395
1473,34.256464102900644
1530,19.302357645112366
1551,24.440667064822897
1568,30.972928242108996
