13,50.53654292343388
27,48.27438676554478
45,48.636442591627585
55,56.710076660201345
68,44.99376169681847
125,27.59553063740109
155,21.411160155477962
239,24.813008960253235
256,35.259778166958554
343,21.834562963984464
363,27.295157808162845
425,23.452563648526343
553,29.937747594793436
637,30.243314995757725
656,32.994534960927524
669,56.76442762535478
727,24.616079494128275
745,29.0869916509561
768,28.407621346667817
833,29.124719066531203
860,38.98078106337544
912,45.10548864279363
927,36.58864675813828
950,39.708371305819554
967,46.270466949666464
1036,16.045909128896565
1069,17.82922429344558
1122,23.996286841494545
1139,36.13202084539664
1164,26.120619396903017
1224,24.87768471680902
1243,27.4476811441792
1274,29.349559105847135
1335,14.90376426503151
1356,25.481452442789237
1374,29.939782767741573
1411,48.78982110398928
1422,43.940835567857455
1436,38.23241082874595
1450,41.95034729385874
1459,55.484693877551024
1529,19.2466318394281
1549,27.39020748597024
1567,29.05622712653876
