5,134.94675701839304
42,18.006755858180174
129,23.205269669308187
158,22.956030372594032
243,22.525027808676306
272,20.660167607319995
347,20.137357978633204
372,20.729231730168646
435,16.711998429745115
636,30.127051638584437
657,31.2047145203362
736,17.937957705916233
762,20.52997756909858
857,16.36621570187883
921,26.454273929739724
939,30.558364228738345
939,5319.767441860465
939,6104.0
964,25.868178596739902
1062,9.299922500645827
1131,16.348343030609662
1156,24.966990757412077
1237,15.964664875076497
1260,23.139323551575867
1349,10.619146827403467
1420,25.539586358856226
1433,37.992670705257645
1449,32.758286489629775
1547,11.949215832710978
