25,27.275573295765827
47,30.733611766842202
129,23.217690943762335
155,25.76706572583842
237,25.92829705505762
259,27.47702665817487
336,26.224982746721878
356,26.121605667060212
426,22.565500530062092
464,28.64137731329139
637,29.221208515139494
660,29.30635575919793
675,47.62849771780115
718,36.359593039417355
734,32.68567278009806
762,23.639559493489255
846,20.453169592666264
914,38.29524397776405
930,34.321766561514195
966,25.34696251973739
1037,15.520168135154798
1065,20.71470988926538
1120,24.955350678186996
1139,32.757625072182265
1162,28.833610723764114
1230,20.062863639403464
1251,24.441635061104087
1345,11.72974663747263
1414,35.92308234133972
1425,47.744360902255636
1439,34.57211046709853
1464,25.032829940906108
1536,15.50602242835387
1572,14.635890946105807
