36,19.04111460183035
65,23.049947226856425
131,21.97175964034699
151,33.53627076669074
247,20.698026021592383
346,20.425275741222507
366,26.288430120302984
432,18.678115892068067
473,26.114298058229124
567,23.617477230787546
635,31.26414667270258
651,41.27004408100684
667,43.20691310609698
725,26.068239795918366
745,27.056819320573204
765,33.110586343767274
852,18.35966308271552
917,32.38725404840675
936,29.592558341946365
957,43.09938765897315
1041,13.929530120190563
1058,35.60492344641249
1125,20.438013915243516
1142,38.11152507176449
1160,35.29930062228096
1171,46.999213767799425
1224,25.321797847647183
1245,25.529417518462367
1328,18.88625080941075
1351,22.407997931569422
1374,23.896150563715583
1422,23.433192427862526
1436,37.488008265072686
1448,43.351859769132105
1472,25.109080431382235
1534,16.859852476290833
1555,25.717876824905733
