8,77.83361250697934
28,33.90254895087386
43,58.972198820556024
50,78.54675706792888
65,40.82065794128051
109,75.91336687814483
127,35.51912568306011
154,31.627224362502293
214,69.6874103814167
227,45.60211400528501
238,50.184891706286315
262,32.51111670442151
274,43.31199600964336
318,50.82932049224184
335,31.48532463682182
364,34.454130344541305
412,47.04396558528692
470,18.80368469262543
515,101.92678227360308
544,41.95754883294549
560,45.317406563635245
603,303.9053905390539
615,55.80511402902557
628,55.87025684798634
640,48.55216184053947
651,51.36830620965542
655,29.07158487027196
711,55.669050051072524
732,25.677603423680456
757,27.043663821405122
821,44.39022101262259
852,35.079147938245065
915,32.88625225689967
924,60.18244283852624
934,50.93941525168291
947,46.768381507321934
956,57.685932147198585
972,15.393350577250647
1027,20.848414651802518
1046,31.99525196935362
1071,23.035657936257493
1112,42.05303400032536
1122,60.324825986078885
1139,39.09251692382753
1154,35.66220336736047
1172,31.712116952488053
1224,24.988546915996835
1239,34.81392557022809
1265,34.59915611814346
1326,19.875823426970545
1351,20.752683880751885
1421,28.552797056220598
1433,48.46620666722088
1444,57.20934742557937
1461,39.550891446626046
1474,52.056760204081634
1523,24.772184375829426
1538,33.69647833797821
1551,42.46009237501013
1565,36.458333333333336
