26,26.590874408667787
51,26.862947385128166
143,15.89228056516064
254,17.989006718116705
357,16.63951797943706
461,9.750192222749359
667,16.389552216668395
735,18.67237687366167
761,20.228507211088218
863,14.915254237288135
930,18.434093161546084
951,26.066123622424534
1055,10.447084429128502
1127,18.61587210139709
1154,23.531186363979185
1239,15.248551387618177
1261,23.52304988508855
1355,9.558662879615468
1426,19.335026727831064
1443,30.100136280144575
1460,29.602382203538273
1534,16.23000231857176
1570,14.854111405835544
