37,18.461619960798856
70,20.841029429873167
134,19.993661951542737
156,30.04946604410337
252,18.59326281156149
363,15.102138144821556
441,14.306975850977004
653,20.85574618273786
739,16.622188333968737
762,23.949971171330997
849,19.23507045403713
926,21.51117964533539
948,24.63321861981525
1046,12.48590999739877
1132,15.903288320157495
1168,17.370486874704227
1245,13.481328360221093
1275,17.218062473199854
1341,12.802380023410066
1423,22.163313198035723
1448,20.73469387755102
1470,22.990069378315876
1535,16.113253150716464
1567,16.765938671961173
