40,17.256319477111237
134,20.28705896109211
157,28.17267683772538
243,22.535472503014002
254,53.8468396184363
356,16.772302748892145
435,16.837585106082436
472,29.627209106009857
641,26.648981068370915
670,22.590572107987132
734,19.142397190106834
756,24.05452358679674
851,18.40359512090734
925,21.87634766926726
951,20.818185297156635
1032,17.993252530301138
1056,24.14888418309171
1069,47.26448688896083
1137,13.965046865292672
1170,18.81388126752495
1230,20.135579569098596
1270,13.00967002292892
1341,12.679934305864167
1370,18.105219177605235
1428,18.386329223447976
1437,52.09722079786688
1451,36.71784472769409
1537,15.203757500067875
1563,20.286760219646126
