22,30.38493395527268
46,28.49086777207306
130,23.014425468413197
154,26.960885976191463
234,28.12581382563153
252,34.122365968024404
272,28.957528957528957
337,25.648640622047033
357,25.573107301098055
423,26.067179846046187
564,24.81548661496122
630,35.9069344251641
648,37.42540988355252
668,35.746201966041106
722,28.780144340785075
742,27.430661383724473
770,23.816407661727503
842,22.47938597533446
917,33.16296208249138
934,31.44508670520231
964,30.664566506920472
1031,18.556103218324154
1064,17.908915196907465
1123,22.35385679695607
1151,21.88628950229736
1226,22.811086187887312
1252,20.22628642281463
1328,18.836107921928818
1356,18.27575299616912
1416,31.055900621118013
1434,28.68273954039862
1451,29.519650655021834
1470,31.760908049567842
1528,20.203477884407246
1551,22.2799229416199
