34,20.216376134814514
67,20.421090733590734
139,17.793959284139277
269,13.916927967011727
373,12.912521067797531
450,11.780518659076535
641,26.498800959232614
662,31.322730799069046
744,14.766312937457666
847,19.790794979079497
924,22.73838630806846
945,26.782197715636077
1060,9.56524627187884
1134,15.293143229012601
1172,16.226336592469316
1254,11.157601115760112
1352,9.992006394884093
1423,22.103757638798594
1443,25.359424920127797
1459,32.14353642300133
1526,21.028125117344448
1553,20.275162925416364
