30,22.67920476360915
56,26.476339460305045
126,25.75903793333828
151,26.073004412354592
240,24.253312373680664
262,27.283404101544853
343,21.92881215087023
363,26.446857256698873
426,22.23714648160585
460,32.0509043775408
560,26.334129828753486
636,30.166530166530166
661,26.223918161890072
724,26.94129763130793
738,37.70686404580686
754,43.19328832666972
832,29.695200426907743
922,24.995520516036553
941,29.154831448630688
968,33.41977427955732
1023,24.896265560165975
1051,21.211904421233367
1124,21.688061078949577
1145,28.487947406866326
1167,29.730983302411875
1226,22.503938189183106
1247,25.541909282184275
1330,17.600911894863888
1355,20.262634921871957
1417,29.136197440585008
1433,32.95705203062151
1449,30.716103235187205
1473,25.505937447733736
1527,20.67717756526234
1552,21.16823173643164
