21,32.46995248299637
46,26.788540677429566
122,31.130848248329073
146,27.057403321816594
232,30.025948350426294
255,26.55411940560978
332,28.888551011099285
354,25.212478039979107
425,23.74407394127724
465,26.906716787021466
636,30.412286013100676
664,23.237410071942445
722,29.563330621101166
744,24.053452115812917
770,25.369571912534646
842,22.21178680441418
919,29.032258064516128
940,25.886271710682845
970,30.35832780358328
1024,23.486238532110093
1052,21.54874813765035
1123,22.651594812478095
1160,16.877180645335784
1227,22.02724035390433
1248,24.65753424657534
1330,17.647058823529413
1358,18.027387762177153
1415,32.88625225689967
1426,46.3165572574763
1439,39.01500577145056
1460,29.893168675879643
1523,24.253973753735544
1547,22.18700475435816
1570,23.19610447100487
