38,17.900251682161386
61,29.72427116262733
132,21.418430961051786
160,22.99338498001344
243,22.582069093697
263,29.021718239477224
340,23.439427584505303
358,29.80466995958689
426,22.30205059122886
562,25.611645471564135
633,33.61728019470642
654,30.357142857142858
671,42.30317273795535
723,28.51785636419134
741,29.110512129380055
770,23.223032737780596
836,26.06994240361562
872,30.00250717330139
914,39.001887188089746
931,31.613203161320317
957,35.916156382477624
1025,22.349837032438305
1055,19.818193970991246
1120,25.335685582671765
1141,29.238122012932248
1166,26.23715770946748
1225,23.35084646818447
1247,24.246365367643644
1328,18.38879159369527
1358,17.739569474294683
1413,37.359900373599004
1427,37.64357169321971
1444,30.033765772169897
1467,25.945302198970694
1525,21.954757517544202
1549,22.14360041623309
1575,20.77139572680065
