44,26.932399676811205
132,20.604225874212283
169,25.683761851416705
249,31.188654300709107
331,17.882413482567863
366,22.356000226103667
432,21.201303740493557
465,21.73847589799175
554,20.886064083094286
631,21.89240526705515
667,19.272675817178435
732,20.229092881528988
759,28.366181617240745
827,21.268725725910855
861,18.7934208182412
931,26.618091111986345
951,32.655949853402085
1040,17.861214562590256
1070,23.866427670450772
1125,25.43610547667343
1147,30.200877395520664
1166,27.55156002115283
1221,27.068948263784648
1247,29.45519251883542
1262,36.34503920900102
1321,27.16625358409875
1355,24.57579269561083
1433,22.610386352232815
1453,24.990161353797717
1475,23.884490824037425
1534,16.02448685631977
1574,13.757653639730894
