61,19.370772732408916
140,16.331227657803243
350,10.999663679347934
435,19.388537201578334
467,22.443967795082223
659,11.52522838595956
754,11.565122218168552
832,17.542789150929003
869,17.37722019381228
941,19.8341852331923
968,23.702942687311953
1038,18.17103974431672
1073,20.826091993975204
1126,24.022988505747126
1157,21.193855726229827
1222,24.267707352083615
1256,22.65777441244139
1272,33.36254381572358
1330,18.72132355403731
1371,19.765301976530196
1434,21.161070673867105
1457,22.12061833224472
1559,9.010225086896366
