42,28.428608656511337
125,26.060795498945065
163,25.01996273622571
244,34.92832626690895
323,23.78304388741552
353,26.695015355539805
428,24.38414851838629
458,23.65041928721174
547,23.641765704584042
574,21.568336792173138
632,21.304593019612756
661,23.489238410596027
725,25.09599018327198
752,28.645833333333332
820,28.301422454102475
843,28.322147651006713
931,26.253601372568063
953,29.7654702114915
1032,22.19493766528145
1061,24.861687413554634
1127,23.34152334152334
1152,26.41357027463651
1168,31.72380198502101
1220,27.970220246096577
1243,33.66362338280472
1260,29.9303683737646
1322,25.451896371169695
1353,26.746442432082794
1426,28.10149277000429
1449,22.311036936185165
1471,23.798852635353175
1530,17.926080096679982
1558,19.374068554396423
