57,20.965459405629225
144,14.91769547325103
270,21.945650335456953
352,10.51735552823229
433,20.208296348896383
649,13.58668504865232
672,30.050304474450623
741,15.348859729821333
767,29.575571346264645
838,14.773895169578623
936,22.399602275865877
965,22.50714235941746
1030,23.344370860927153
1131,20.382289838111955
1157,24.968503035162065
1235,15.48191391941392
1266,25.418191322530056
1327,21.266073194856578
1375,16.95853668539556
1445,16.12073784237004
1474,17.84271715078501
1566,8.173385985857287
